#k #time
1    0.126585
2    0.122130
3    0.120063
4    0.120427
5    0.120624
6    0.120036
7    0.119906
8    0.119812
9    0.119854
10    0.122344
11    0.120464
12    0.120152
13    0.120254
14    0.119744
15    0.119949
16    0.119873
17    0.119694
18    0.121891
19    0.120315
20    0.120722
21    0.120231
22    0.120220
23    0.119709
24    0.120238
25    0.120411
26    0.120553
27    0.123115
28    0.121942
29    0.121989
30    0.122125
31    0.121833
32    0.121753
33    0.121817
34    0.120557
35    0.123183
36    0.120790
37    0.120476
38    0.120961
39    0.120318
40    0.121378
41    0.119827
42    0.119993
43    0.122066
44    0.121516
45    0.120795
46    0.120577
47    0.120259
48    0.120569
49    0.120740
50    0.120538
51    0.121393
52    0.121463
53    0.120864
54    0.121041
55    0.120642
56    0.121107
57    0.120353
58    0.120455
59    0.120398
60    0.123007
61    0.120066
62    0.120398
63    0.120401
64    0.120031
65    0.120828
66    0.120041
67    0.120597
68    0.122321
69    0.120276
70    0.121079
71    0.120817
72    0.120183
73    0.120323
74    0.119964
75    0.120607
76    0.121996
77    0.120802
78    0.120303
79    0.121291
80    0.120821
81    0.120202
82    0.120154
83    0.120358
84    0.120295
85    0.122952
86    0.120392
87    0.120976
88    0.120783
89    0.120178
90    0.120566
91    0.120400
92    0.120439
93    0.122054
94    0.121288
95    0.120771
96    0.120747
97    0.120431
98    0.120370
99    0.120380
100    0.120934
