1 0.002300
2 0.265540
3 0.265121
4 0.256438
5 0.191609
6 0.191586
7 0.245897
8 0.271518
9 0.259187
10 0.219279
11 0.219272
12 0.219274
13 0.219302
14 0.219272
15 0.219272
16 0.219273
17 0.219285
18 0.219273
19 0.206943
20 0.193108
21 0.193158
22 0.193120
23 0.193124
24 0.193095
25 0.193126
26 0.193107
27 0.193097
28 0.193108
29 0.193139
30 0.193117
31 0.193194
32 0.193144
33 0.193140
34 0.193091
35 0.193139
36 0.193123
37 0.193101
38 0.193103
39 0.180787
40 0.179954
41 0.179954
42 0.179974
43 0.179960
44 0.179957
45 0.179944
46 0.179951
47 0.179947
48 0.179950
49 0.179955
50 0.179942
51 0.179979
52 0.179958
53 0.179948
54 0.179958
55 0.179956
56 0.179951
57 0.179942
58 0.179965
59 0.179945
60 0.179949
61 0.179948
62 0.179944
63 0.179973
64 0.179970
65 0.179946
66 0.179967
67 0.179950
68 0.179948
69 0.179976
70 0.179953
71 0.179949
72 0.179948
73 0.179955
74 0.179954
75 0.179996
76 0.180198
77 0.180115
78 0.174158
79 0.173352
80 0.173454
81 0.144260
82 0.172422
83 0.123606
84 0.122360
85 0.150798
86 0.173574
87 0.173637
88 0.173699
89 0.173419
90 0.173557
91 0.173559
92 0.149868
93 0.122403
94 0.122360
95 0.122402
96 0.122329
97 0.157477
98 0.173700
99 0.173535
100 0.173397
