#k #time
1    13.774673
2    13.908610
3    13.732698
4    13.695131
5    13.774638
6    13.690558
7    13.676643
8    13.680348
9    13.747591
10    13.712061
11    13.709111
12    13.685721
13    13.821721
14    13.677997
15    13.662670
16    13.664564
17    13.669514
18    13.679342
19    13.671264
20    13.725647
21    13.684996
22    13.745525
23    13.689521
24    13.787085
25    14.314977
26    13.668991
27    13.685583
28    13.671863
29    13.671423
30    13.673936
31    13.735663
32    13.752453
33    13.686398
34    13.680462
35    13.688984
36    13.786484
37    13.684547
38    13.690489
39    13.692892
40    13.772634
41    13.678940
42    13.670780
43    13.674042
44    13.779374
45    13.838714
46    13.681817
47    13.673420
48    13.725890
49    13.672673
50    13.665132
51    13.668075
52    13.666020
53    13.732003
54    13.668857
55    13.668891
56    13.662532
57    13.726546
58    13.665705
59    13.669515
60    13.686498
61    13.701601
62    13.763189
63    13.679143
64    13.720305
65    13.760925
66    13.742361
67    13.680661
68    13.732501
69    13.739796
70    13.781688
71    13.760564
72    13.692817
73    13.699476
74    13.744366
75    13.788304
76    13.831119
77    13.762693
78    13.702820
79    13.782879
80    13.784504
81    13.699510
82    13.691197
83    13.762685
84    13.673193
85    13.678898
86    13.678569
87    13.672087
88    13.747236
89    13.696391
90    13.742669
91    13.710994
92    13.746412
93    13.674205
94    13.674040
95    13.666137
96    13.675558
97    13.738019
98    13.666188
99    13.708396
100    13.756497

