1 0.170050
2 0.170263
3 0.170853
4 0.169768
5 0.170166
6 0.170166
7 0.170198
8 0.171216
9 0.170615
10 0.173630
11 0.169934
12 0.169758
13 0.169728
14 0.170316
15 0.170640
16 0.169613
17 0.170515
18 0.169677
19 0.169838
20 0.171124
21 0.171327
22 0.170070
23 0.169742
24 0.170090
25 0.170439
26 0.170516
27 0.170670
28 0.170390
29 0.170396
30 0.173318
31 0.171282
32 0.170576
33 0.170287
34 0.170031
35 0.170056
36 0.169898
37 0.176284
38 0.184048
39 0.170451
40 0.170178
41 0.169940
42 0.170310
43 0.170665
44 0.171251
45 0.170412
46 0.170423
47 0.170007
48 0.170093
49 0.170716
50 0.170995
51 0.170229
52 0.170891
53 0.170179
54 0.170368
55 0.170993
56 0.170906
57 0.170672
58 0.170483
59 0.170679
60 0.170991
61 0.170830
62 0.170658
63 0.170784
64 0.170220
65 0.170502
66 0.170987
67 0.171277
68 0.170984
69 0.170701
70 0.170389
71 0.170472
72 0.170807
73 0.171253
74 0.170848
75 0.171114
76 0.170651
77 0.170851
78 0.170932
79 0.172707
80 0.170761
81 0.170963
82 0.170754
83 0.170830
84 0.172312
85 0.172158
86 0.170895
87 0.171353
88 0.171071
89 0.170978
90 0.172254
91 0.172368
92 0.173842
93 0.172518
94 0.171154
95 0.171547
96 0.174325
97 0.171884
98 0.172068
99 0.171480
100 0.171296
