1 0.003274
2 0.003183
3 0.003056
4 0.003065
5 0.002417
6 0.002117
7 0.002120
8 0.002116
9 0.002150
10 0.002290
11 0.002286
12 0.002288
13 0.002285
14 0.002288
15 0.002288
16 0.002286
17 0.002288
18 0.002286
19 0.002493
20 0.002750
21 0.002749
22 0.002753
23 0.002751
24 0.002748
25 0.002752
26 0.002752
27 0.002749
28 0.002751
29 0.002752
30 0.002751
31 0.002749
32 0.002751
33 0.002752
34 0.002748
35 0.002751
36 0.002751
37 0.002749
38 0.002752
39 0.003762
40 0.003831
41 0.003832
42 0.003832
43 0.003831
44 0.003832
45 0.003832
46 0.003836
47 0.003841
48 0.003832
49 0.003830
50 0.003831
51 0.003830
52 0.003831
53 0.003837
54 0.003830
55 0.003830
56 0.003830
57 0.003830
58 0.003830
59 0.003828
60 0.003830
61 0.003831
62 0.003830
63 0.003831
64 0.003831
65 0.003830
66 0.003831
67 0.003830
68 0.003830
69 0.003832
70 0.003831
71 0.003830
72 0.003831
73 0.003831
74 0.003831
75 0.003831
76 0.003830
77 0.003830
78 0.005902
79 0.006215
80 0.006210
81 0.006211
82 0.006213
83 0.006210
84 0.006213
85 0.006209
86 0.006212
87 0.006209
88 0.006212
89 0.006212
90 0.006210
91 0.006212
92 0.006209
93 0.006213
94 0.006210
95 0.006212
96 0.006209
97 0.006212
98 0.006211
99 0.006211
100 0.006212
