1 0.168507
2 0.146840
3 0.143816
4 0.144150
5 0.145167
6 0.143595
7 0.143742
8 0.143670
9 0.144304
10 0.144939
11 0.144006
12 0.149465
13 0.143929
14 0.143750
15 0.143741
16 0.144036
17 0.144060
18 0.143931
19 0.145080
20 0.143930
21 0.143855
22 0.143913
23 0.143982
24 0.144028
25 0.144024
26 0.144848
27 0.143833
28 0.143700
29 0.144036
30 0.143969
31 0.144154
32 0.143852
33 0.144482
34 0.144040
35 0.143858
36 0.143856
37 0.144116
38 0.144871
39 0.143816
40 0.145246
41 0.144166
42 0.144074
43 0.144041
44 0.143977
45 0.144462
46 0.144459
47 0.145852
48 0.144258
49 0.144223
50 0.145720
51 0.144422
52 0.144371
53 0.143991
54 0.145854
55 0.145956
56 0.145246
57 0.144292
58 0.144544
59 0.144569
60 0.144855
61 0.144972
62 0.144269
63 0.144526
64 0.144356
65 0.144623
66 0.144618
67 0.146303
68 0.145888
69 0.144433
70 0.143870
71 0.145560
72 0.144591
73 0.144896
74 0.145584
75 0.145003
76 0.144602
77 0.144537
78 0.145055
79 0.144787
80 0.145396
81 0.146066
82 0.145007
83 0.144892
84 0.144824
85 0.144961
86 0.144953
87 0.145223
88 0.147537
89 0.145348
90 0.144979
91 0.145148
92 0.147867
93 0.150415
94 0.145172
95 0.146621
96 0.145376
97 0.145133
98 0.145223
99 0.145275
100 0.145535
