1 0.183070
2 0.183262
3 0.184690
4 0.183190
5 0.182886
6 0.183408
7 0.183106
8 0.183992
9 0.183346
10 0.183621
11 0.182945
12 0.183144
13 0.187005
14 0.184584
15 0.183153
16 0.183314
17 0.183029
18 0.183130
19 0.185187
20 0.183721
21 0.184683
22 0.183087
23 0.184833
24 0.198152
25 0.185985
26 0.183608
27 0.183085
28 0.183108
29 0.184200
30 0.184930
31 0.183502
32 0.183577
33 0.183450
34 0.183416
35 0.183980
36 0.183949
37 0.183434
38 0.183222
39 0.183595
40 0.183477
41 0.184248
42 0.183769
43 0.183187
44 0.183244
45 0.184092
46 0.184198
47 0.183637
48 0.183566
49 0.183638
50 0.183386
51 0.184074
52 0.184650
53 0.183910
54 0.183351
55 0.183724
56 0.183757
57 0.184629
58 0.186182
59 0.183760
60 0.183667
61 0.184171
62 0.184171
63 0.185867
64 0.183861
65 0.183575
66 0.183696
67 0.184002
68 0.185030
69 0.183973
70 0.183767
71 0.183746
72 0.183908
73 0.184748
74 0.185119
75 0.186511
76 0.184060
77 0.183993
78 0.184769
79 0.184654
80 0.184303
81 0.183925
82 0.184081
83 0.184185
84 0.185003
85 0.186491
86 0.184569
87 0.184406
88 0.184381
89 0.184999
90 0.185021
91 0.184564
92 0.184370
93 0.184407
94 0.184615
95 0.187123
96 0.184836
97 0.184727
98 0.184573
99 0.184713
100 0.185413
