1 0.144294
2 0.144444
3 0.144262
4 0.144271
5 0.144196
6 0.144783
7 0.144715
8 0.143962
9 0.144620
10 0.144056
11 0.144103
12 0.144557
13 0.145072
14 0.144594
15 0.144084
16 0.144325
17 0.144407
18 0.144105
19 0.144144
20 0.144994
21 0.144882
22 0.144271
23 0.144177
24 0.144084
25 0.144378
26 0.144191
27 0.144847
28 0.144395
29 0.144693
30 0.144202
31 0.144401
32 0.144210
33 0.144425
34 0.144888
35 0.144742
36 0.144332
37 0.144178
38 0.144523
39 0.144297
40 0.144301
41 0.144969
42 0.145125
43 0.144874
44 0.145072
45 0.144484
46 0.144621
47 0.144388
48 0.145175
49 0.144650
50 0.144808
51 0.144365
52 0.144383
53 0.144587
54 0.145527
55 0.145735
56 0.144828
57 0.144667
58 0.144843
59 0.144560
60 0.144685
61 0.144683
62 0.145951
63 0.145131
64 0.144872
65 0.144726
66 0.144707
67 0.145174
68 0.145506
69 0.145505
70 0.144914
71 0.145417
72 0.145012
73 0.144862
74 0.145040
75 0.145830
76 0.146584
77 0.144905
78 0.145264
79 0.144942
80 0.145341
81 0.145601
82 0.145830
83 0.145587
84 0.145545
85 0.145917
86 0.145121
87 0.145198
88 0.145522
89 0.145885
90 0.145801
91 0.145500
92 0.145468
93 0.145482
94 0.145463
95 0.147158
96 0.148608
97 0.149094
98 0.151174
99 0.151686
100 0.148450
