1 0.002664
2 0.002432
3 0.002341
4 0.002205
5 0.001501
6 0.001500
7 0.001503
8 0.001499
9 0.001440
10 0.001429
11 0.001446
12 0.001430
13 0.001424
14 0.001425
15 0.001428
16 0.001425
17 0.001425
18 0.001428
19 0.001521
20 0.001632
21 0.001636
22 0.001633
23 0.001635
24 0.001633
25 0.001635
26 0.001633
27 0.001632
28 0.001636
29 0.001633
30 0.001635
31 0.001632
32 0.001632
33 0.001635
34 0.001632
35 0.001635
36 0.001632
37 0.001632
38 0.001636
39 0.002159
40 0.002199
41 0.002196
42 0.002200
43 0.002199
44 0.002196
45 0.002198
46 0.002196
47 0.002200
48 0.002196
49 0.002199
50 0.002196
51 0.002198
52 0.002200
53 0.002206
54 0.002200
55 0.002195
56 0.002197
57 0.002194
58 0.002198
59 0.002194
60 0.002197
61 0.002197
62 0.002194
63 0.002198
64 0.002194
65 0.002198
66 0.002216
67 0.002204
68 0.002195
69 0.002199
70 0.002195
71 0.002198
72 0.002197
73 0.002195
74 0.002197
75 0.002194
76 0.002197
77 0.002195
78 0.003409
79 0.003588
80 0.003587
81 0.003586
82 0.003588
83 0.003587
84 0.003587
85 0.003585
86 0.003587
87 0.003587
88 0.003588
89 0.003588
90 0.003587
91 0.003587
92 0.003588
93 0.003588
94 0.003587
95 0.003585
96 0.003588
97 0.003587
98 0.003588
99 0.003589
100 0.003588
