#k #time
1    3.391863
2    3.481167
3    3.397142
4    3.463610
5    3.383761
6    3.393374
7    3.393299
8    3.396023
9    3.401353
10    3.391402
11    3.400507
12    3.387414
13    3.385713
14    3.386030
15    3.387673
16    3.385641
17    3.386854
18    3.404588
19    3.396073
20    3.385671
21    3.385025
22    3.393739
23    3.393361
24    3.382855
25    3.448821
26    3.390747
27    3.394549
28    3.385322
29    3.387053
30    3.404610
31    3.386451
32    3.386675
33    3.399142
34    3.384623
35    3.393657
36    3.389366
37    3.395099
38    3.386051
39    3.461889
40    3.383348
41    3.388691
42    3.407819
43    3.396823
44    3.386432
45    3.386832
46    3.385540
47    3.387272
48    3.387984
49    3.386271
50    3.391531
51    3.399906
52    3.402019
53    3.413371
54    3.390846
55    3.397021
56    3.397736
57    3.389489
58    3.389614
59    3.432060
60    3.387714
61    3.387323
62    3.386738
63    3.386909
64    3.392952
65    3.408387
66    3.385555
67    3.385848
68    3.384623
69    3.423903
70    3.396467
71    3.418657
72    3.397720
73    3.405654
74    3.388903
75    3.458530
76    3.392547
77    3.394443
78    3.390912
79    3.395619
80    3.387712
81    3.388456
82    3.405687
83    3.390235
84    3.385006
85    3.392358
86    3.388329
87    3.386476
88    3.445780
89    3.437228
90    3.448122
91    3.447693
92    3.498895
93    3.392435
94    3.388955
95    3.405051
96    3.585439
97    3.440384
98    3.390252
99    3.395006
100    3.396887

