1 0.002670
2 0.152855
3 0.148367
4 0.139564
5 0.074627
6 0.074632
7 0.074625
8 0.074627
9 0.065960
10 0.037753
11 0.037749
12 0.037751
13 0.037751
14 0.037751
15 0.037749
16 0.037748
17 0.037752
18 0.037751
19 0.029046
20 0.019270
21 0.019254
22 0.019258
23 0.019253
24 0.019277
25 0.019249
26 0.024122
27 0.027293
28 0.027289
29 0.027286
30 0.027285
31 0.027299
32 0.027292
33 0.027285
34 0.027283
35 0.027285
36 0.027286
37 0.027285
38 0.027285
39 0.014879
40 0.014110
41 0.014109
42 0.014106
43 0.014113
44 0.014106
45 0.014110
46 0.014105
47 0.014109
48 0.014107
49 0.014110
50 0.014108
51 0.014111
52 0.014106
53 0.014114
54 0.014107
55 0.014110
56 0.014106
57 0.014109
58 0.014110
59 0.014107
60 0.014107
61 0.014105
62 0.014112
63 0.014105
64 0.014109
65 0.014107
66 0.014112
67 0.014108
68 0.014109
69 0.014106
70 0.014109
71 0.014110
72 0.014109
73 0.014107
74 0.014109
75 0.014109
76 0.014108
77 0.014109
78 0.008250
79 0.007459
80 0.007465
81 0.007494
82 0.007469
83 0.007466
84 0.007464
85 0.007464
86 0.007465
87 0.007460
88 0.007464
89 0.007464
90 0.007467
91 0.007465
92 0.007464
93 0.007463
94 0.007464
95 0.007460
96 0.007464
97 0.007463
98 0.007463
99 0.007487
100 0.007464
