#k #time
1    14.249883
2    14.352596
3    14.358186
4    14.252355
5    14.263084
6    14.276214
7    14.471694
8    14.289988
9    14.251625
10    14.241208
11    14.313796
12    14.251100
13    14.310873
14    14.241359
15    14.317657
16    14.311532
17    14.249778
18    14.250293
19    14.260658
20    14.257047
21    14.244718
22    14.235433
23    14.286505
24    14.232980
25    14.250602
26    14.258139
27    14.268201
28    14.480760
29    14.564026
30    14.287232
31    14.253641
32    14.343479
33    14.362079
34    14.332796
35    14.263230
36    14.342992
37    14.259139
38    14.290522
39    14.272534
40    14.319904
41    14.240549
42    14.231145
43    14.380189
44    14.270117
45    14.281141
46    14.231056
47    14.240122
48    14.253897
49    14.294423
50    14.306193
51    14.227046
52    14.378634
53    14.236726
54    14.212021
55    14.233121
56    14.234625
57    14.342552
58    14.260290
59    14.251747
60    14.218573
61    14.214349
62    14.214657
63    14.216746
64    14.229442
65    14.329966
66    14.289147
67    14.253079
68    14.230208
69    14.310429
70    14.257637
71    14.259678
72    14.273156
73    14.264776
74    14.868822
75    14.319379
76    14.276299
77    14.277636
78    14.319969
79    14.280177
80    14.248210
81    14.255115
82    14.295801
83    14.326161
84    14.289229
85    14.231234
86    14.256462
87    14.345868
88    14.226244
89    14.251148
90    14.248187
91    14.296740
92    14.238762
93    14.242520
94    14.265618
95    14.313423
96    14.335041
97    14.334971
98    14.590945
99    14.338936
100    14.404754
