1 0.003270
2 0.266307
3 0.263601
4 0.254941
5 0.190111
6 0.190115
7 0.190134
8 0.190117
9 0.181465
10 0.153321
11 0.153296
12 0.153302
13 0.153300
14 0.153309
15 0.153302
16 0.153299
17 0.153301
18 0.153307
19 0.144611
20 0.134847
21 0.134843
22 0.134854
23 0.134854
24 0.134842
25 0.134842
26 0.134849
27 0.134857
28 0.134844
29 0.134845
30 0.134845
31 0.134863
32 0.148156
33 0.191085
34 0.191082
35 0.191095
36 0.191198
37 0.191092
38 0.191074
39 0.178738
40 0.177968
41 0.177959
42 0.177938
43 0.177936
44 0.177938
45 0.177940
46 0.177936
47 0.177939
48 0.139682
49 0.125581
50 0.125571
51 0.125572
52 0.125573
53 0.125571
54 0.125567
55 0.125576
56 0.125571
57 0.125572
58 0.125574
59 0.125572
60 0.125572
61 0.125574
62 0.125586
63 0.125568
64 0.125575
65 0.125573
66 0.125574
67 0.125580
68 0.125571
69 0.125570
70 0.125568
71 0.125572
72 0.125569
73 0.125573
74 0.125567
75 0.125579
76 0.125567
77 0.125570
78 0.121443
79 0.120896
80 0.120891
81 0.120892
82 0.120890
83 0.120895
84 0.120892
85 0.120888
86 0.120894
87 0.120890
88 0.120886
89 0.120888
90 0.120890
91 0.120888
92 0.120891
93 0.120887
94 0.120899
95 0.120891
96 0.120890
97 0.120892
98 0.120892
99 0.120896
100 0.120897
